EnrichmentByTime Weak,1,All 10k X 1,2,3,4,5,6,11,16,21,26,31,36,41,46,51,56,61,66,71,76,81,86,91,96,97,98,99,100
EnrichmentByTime Weak,1,All 10k Y 2.11,2.21,2.07,1.96,1.92,1.76,1.62,1.52,1.44,1.44,1.4,1.37,1.36,1.36,1.38,1.4,1.41,1.41,1.45,1.47,1.54,1.61,1.74,1.88,1.89,2.06,2.11,2.1
EnrichmentByTime Weak,1,All 50k X 1,2,3,4,5,6,11,16,21,26,31,36,41,46,51,56,61,66,71,76,81,86,91,96,97,98,99,100
EnrichmentByTime Weak,1,All 50k Y 1.9,1.93,1.8,1.78,1.73,1.57,1.48,1.42,1.35,1.37,1.33,1.29,1.32,1.29,1.32,1.31,1.33,1.34,1.37,1.39,1.44,1.5,1.64,1.74,1.74,1.91,1.94,2.11
EnrichmentByTime Weak,1,All 100k X 1,2,3,4,5,6,11,16,21,26,31,36,41,46,51,56,61,66,71,76,81,86,91,96,97,98,99,100
EnrichmentByTime Weak,1,All 100k Y 1.98,1.97,1.75,1.77,1.72,1.6,1.51,1.41,1.36,1.38,1.35,1.32,1.32,1.31,1.3,1.33,1.36,1.35,1.37,1.4,1.46,1.52,1.62,1.78,1.7,1.9,1.96,2.04
EnrichmentByTime Weak,1,Large 10k X 1,2,3,4,5,6,11,16,21,26,31,36,41,46,51,56,61,66,71,76,81,86,91,96,97,98,99,100
EnrichmentByTime Weak,1,Large 10k Y 5.27,5.04,4.01,3.51,3.14,2.15,1.5,1.17,0.91,0.82,0.68,0.61,0.64,0.54,0.55,0.6,0.61,0.67,0.8,0.82,1.07,1.39,2.03,2.79,3.08,3.99,4.49,4.92
EnrichmentByTime Weak,1,Large 50k X 1,2,3,4,5,6,11,16,21,26,31,36,41,46,51,56,61,66,71,76,81,86,91,96,97,98,99,100
EnrichmentByTime Weak,1,Large 50k Y 5.3,4.5,3.31,3.1,2.85,1.98,1.42,1.17,0.95,0.9,0.73,0.73,0.69,0.66,0.69,0.72,0.74,0.79,0.93,0.97,1.23,1.55,2.09,2.75,2.94,3.68,4.15,5.45
EnrichmentByTime Weak,1,Large 100k X 1,2,3,4,5,6,11,16,21,26,31,36,41,46,51,56,61,66,71,76,81,86,91,96,97,98,99,100
EnrichmentByTime Weak,1,Large 100k Y 5.27,4.32,3.13,3.13,2.82,1.99,1.47,1.15,0.95,0.87,0.8,0.73,0.73,0.69,0.69,0.71,0.77,0.75,0.83,0.94,1.18,1.49,2.06,2.84,2.97,3.72,4.21,5.37
EnrichmentByTime Strong,1,Large 10k X 1,2,3,4,5,6,11,16,21,26,31,36,41,46,51,56,61,66,71,76,81,86,91,96,97,98,99,100
EnrichmentByTime Strong,1,Large 10k Y 8.06,6.48,4.86,4.43,3.21,1.78,0.91,0.64,0.51,0.48,0.35,0.31,0.27,0.33,0.28,0.32,0.33,0.39,0.42,0.48,0.65,0.97,1.96,3.29,4.49,5.15,7.0,8.43
EnrichmentByTime Strong,1,Large 50k X 1,2,3,4,5,6,11,16,21,26,31,36,41,46,51,56,61,66,71,76,81,86,91,96,97,98,99,100
EnrichmentByTime Strong,1,Large 50k Y 6.91,5.04,3.98,3.57,2.86,1.63,0.98,0.75,0.62,0.53,0.45,0.41,0.39,0.34,0.34,0.34,0.39,0.46,0.54,0.62,0.8,1.21,2.12,2.99,3.58,4.18,5.66,7.47
EnrichmentByTime Strong,1,Large 100k X 1,2,3,4,5,6,11,16,21,26,31,36,41,46,51,56,61,66,71,76,81,86,91,96,97,98,99,100
EnrichmentByTime Strong,1,Large 100k Y 6.84,5.33,4.01,3.86,2.97,1.75,1.04,0.68,0.55,0.51,0.41,0.38,0.37,0.34,0.33,0.35,0.36,0.42,0.49,0.61,0.73,1.07,1.81,2.63,3.14,3.71,5.21,6.83
EnrichmentByTime Strong,0.05,Large 10k X 1,2,3,4,5,6,11,16,21,26,31,36,41,46,51,56,61,66,71,76,81,86,91,96,97,98,99,100
EnrichmentByTime Strong,0.05,Large 10k Y 9.8,5.05,3.3,3.46,2.58,2.75,2.04,1.17,1.11,0.95,0.82,0.84,0.89,0.81,0.78,0.88,0.85,0.88,1.11,1.07,1.32,2.09,3.05,2.6,3.85,3.69,5.73,9.19
EnrichmentByTime Strong,0.05,Large 50k X 1,2,3,4,5,6,11,16,21,26,31,36,41,46,51,56,61,66,71,76,81,86,91,96,97,98,99,100
EnrichmentByTime Strong,0.05,Large 50k Y 8.9,4.54,2.85,3.22,2.34,2.48,1.69,1.39,1.12,1.11,0.87,0.99,1.03,0.78,0.91,0.97,1.15,0.95,1.07,1.22,1.5,2.07,3.0,2.56,2.77,3.61,5.31,11.06
EnrichmentByTime Strong,0.05,Large 100k X 1,2,3,4,5,6,11,16,21,26,31,36,41,46,51,56,61,66,71,76,81,86,91,96,97,98,99,100
EnrichmentByTime Strong,0.05,Large 100k Y 8.53,3.79,3.35,2.73,2.41,2.47,1.76,1.36,1.06,0.99,0.86,0.94,0.93,0.8,0.86,0.82,1.12,0.88,1.06,1.21,1.27,1.97,3.01,2.51,3.17,3.18,4.25,10.81
EnrichmentByDist Weak,1,All gamma(u=0.05) X 1,2,3,4,5,6,11,16,21,26,31,36,41,46,51,56,61,66,71,76,81,86,91,96,97,98,99,100
EnrichmentByDist Weak,1,All gamma(u=0.05) Y 2.1,2.23,2.12,2.0,1.96,1.85,1.73,1.61,1.6,1.54,1.5,1.5,1.53,1.48,1.51,1.52,1.55,1.54,1.59,1.64,1.65,1.79,1.95,2.09,2.18,2.26,2.19,2.09
EnrichmentByDist Weak,1,All gamma(u=0.1) X 1,2,3,4,5,6,11,16,21,26,31,36,41,46,51,56,61,66,71,76,81,86,91,96,97,98,99,100
EnrichmentByDist Weak,1,All gamma(u=0.1) Y 2.11,2.21,2.07,1.96,1.92,1.76,1.62,1.52,1.44,1.44,1.4,1.37,1.36,1.36,1.38,1.4,1.41,1.41,1.45,1.47,1.54,1.61,1.74,1.88,1.89,2.06,2.11,2.1
EnrichmentByDist Weak,1,All gamma(u=0.2) X 1,2,3,4,5,6,11,16,21,26,31,36,41,46,51,56,61,66,71,76,81,86,91,96,97,98,99,100
EnrichmentByDist Weak,1,All gamma(u=0.2) Y 1.72,1.73,1.73,1.73,1.63,1.5,1.41,1.36,1.29,1.32,1.31,1.26,1.29,1.28,1.25,1.24,1.28,1.27,1.29,1.31,1.33,1.44,1.53,1.65,1.59,1.6,1.72,1.66
EnrichmentByDist Weak,1,All gaussian  X 1,2,3,4,5,6,11,16,21,26,31,36,41,46,51,56,61,66,71,76,81,86,91,96,97,98,99,100
EnrichmentByDist Weak,1,All gaussian  Y 1.36,1.42,1.44,1.37,1.37,1.32,1.28,1.25,1.22,1.22,1.18,1.15,1.14,1.16,1.16,1.17,1.18,1.2,1.23,1.26,1.29,1.33,1.41,1.46,1.47,1.55,1.52,1.48
EnrichmentByDist Weak,1,Large gamma(u=0.05) X 1,2,3,4,5,6,11,16,21,26,31,36,41,46,51,56,61,66,71,76,81,86,91,96,97,98,99,100
EnrichmentByDist Weak,1,Large gamma(u=0.05) Y 6.17,5.53,4.65,3.78,3.27,2.08,1.37,0.98,0.8,0.6,0.53,0.52,0.44,0.46,0.49,0.51,0.56,0.66,0.72,0.86,1.08,1.53,2.31,3.33,4.05,5.17,5.39,5.82
EnrichmentByDist Weak,1,Large gamma(u=0.1) X 1,2,3,4,5,6,11,16,21,26,31,36,41,46,51,56,61,66,71,76,81,86,91,96,97,98,99,100
EnrichmentByDist Weak,1,Large gamma(u=0.1) Y 5.27,5.04,4.01,3.51,3.14,2.15,1.5,1.17,0.91,0.82,0.68,0.61,0.64,0.54,0.55,0.6,0.61,0.67,0.8,0.82,1.07,1.39,2.03,2.79,3.08,3.99,4.49,4.92
EnrichmentByDist Weak,1,Large gamma(u=0.2) X 1,2,3,4,5,6,11,16,21,26,31,36,41,46,51,56,61,66,71,76,81,86,91,96,97,98,99,100
EnrichmentByDist Weak,1,Large gamma(u=0.2) Y 3.26,3.35,2.93,2.8,2.31,1.84,1.33,1.06,0.85,0.81,0.74,0.7,0.72,0.72,0.64,0.65,0.71,0.71,0.81,0.96,1.1,1.39,1.81,2.27,2.5,2.55,3.11,3.24
EnrichmentByDist Weak,1,Large gaussian  X 1,2,3,4,5,6,11,16,21,26,31,36,41,46,51,56,61,66,71,76,81,86,91,96,97,98,99,100
EnrichmentByDist Weak,1,Large gaussian  Y 1.87,1.86,1.85,1.76,1.59,1.43,1.26,1.15,1.13,1.07,0.98,0.98,0.94,0.98,0.97,0.99,1.02,1.01,1.1,1.19,1.25,1.41,1.65,1.79,1.88,2.09,2.51,2.24
EnrichmentByDist Strong,1,Large gamma(u=0.05) X 1,2,3,4,5,6,11,16,21,26,31,36,41,46,51,56,61,66,71,76,81,86,91,96,97,98,99,100
EnrichmentByDist Strong,1,Large gamma(u=0.05) Y 9.89,8.0,5.82,4.13,3.4,1.94,0.97,0.64,0.47,0.37,0.33,0.32,0.28,0.25,0.26,0.26,0.3,0.35,0.43,0.55,0.74,1.06,2.2,3.65,4.63,5.21,6.74,8.03
EnrichmentByDist Strong,1,Large gamma(u=0.1) X 1,2,3,4,5,6,11,16,21,26,31,36,41,46,51,56,61,66,71,76,81,86,91,96,97,98,99,100
EnrichmentByDist Strong,1,Large gamma(u=0.1) Y 8.06,6.48,4.86,4.43,3.21,1.78,0.91,0.64,0.51,0.48,0.35,0.31,0.27,0.33,0.28,0.32,0.33,0.39,0.42,0.48,0.65,0.97,1.96,3.29,4.49,5.15,7.0,8.43
EnrichmentByDist Strong,1,Large gamma(u=0.2) X 1,2,3,4,5,6,11,16,21,26,31,36,41,46,51,56,61,66,71,76,81,86,91,96,97,98,99,100
EnrichmentByDist Strong,1,Large gamma(u=0.2) Y 8.92,7.13,5.25,4.32,3.28,1.97,0.98,0.66,0.46,0.36,0.29,0.3,0.25,0.25,0.25,0.27,0.25,0.28,0.35,0.39,0.51,0.86,1.69,3.17,3.73,5.08,6.67,8.41
EnrichmentByDist Strong,1,Large gaussian  X 1,2,3,4,5,6,11,16,21,26,31,36,41,46,51,56,61,66,71,76,81,86,91,96,97,98,99,100
EnrichmentByDist Strong,1,Large gaussian  Y 5.53,3.8,2.89,2.25,1.97,1.23,0.72,0.53,0.48,0.4,0.33,0.31,0.3,0.31,0.32,0.3,0.34,0.35,0.42,0.48,0.55,0.85,1.27,2.02,2.45,3.0,3.73,4.29
EnrichmentByDist Strong,0.05,Large gamma(u=0.05) X 1,2,3,4,5,6,11,16,21,26,31,36,41,46,51,56,61,66,71,76,81,86,91,96,97,98,99,100
EnrichmentByDist Strong,0.05,Large gamma(u=0.05) Y 14.75,7.6,5.16,2.68,3.28,3.04,1.8,1.14,0.98,1.02,0.91,0.85,0.83,0.74,0.81,0.85,0.77,0.89,1.01,1.16,1.4,2.16,3.0,3.14,3.43,4.2,6.26,10.02
EnrichmentByDist Strong,0.05,Large gamma(u=0.1) X 1,2,3,4,5,6,11,16,21,26,31,36,41,46,51,56,61,66,71,76,81,86,91,96,97,98,99,100
EnrichmentByDist Strong,0.05,Large gamma(u=0.1) Y 9.8,5.05,3.3,3.46,2.58,2.75,2.04,1.17,1.11,0.95,0.82,0.84,0.89,0.81,0.78,0.88,0.85,0.88,1.11,1.07,1.32,2.09,3.05,2.6,3.85,3.69,5.73,9.19
EnrichmentByDist Strong,0.05,Large gamma(u=0.2) X 1,2,3,4,5,6,11,16,21,26,31,36,41,46,51,56,61,66,71,76,81,86,91,96,97,98,99,100
EnrichmentByDist Strong,0.05,Large gamma(u=0.2) Y 6.63,3.79,2.86,2.75,2.11,2.6,1.76,1.42,1.11,1.21,0.97,0.99,0.9,0.87,0.94,0.81,0.74,0.82,1.01,1.13,1.28,1.64,2.48,2.21,2.78,2.89,2.94,5.2
EnrichmentByDist Strong,0.05,Large gaussian X 1,2,3,4,5,6,11,16,21,26,31,36,41,46,51,56,61,66,71,76,81,86,91,96,97,98,99,100
EnrichmentByDist Strong,0.05,Large gaussian  Y 2.42,2.18,1.88,1.59,1.5,1.97,1.6,1.39,1.29,1.2,1.04,1.05,1.0,1.05,0.97,1.01,1.22,1.14,1.08,1.13,1.36,1.55,1.9,1.77,1.97,1.81,1.92,1.78
POPoutByDist gamma0.05,Weak Selection X 1,2,3,4,5,6,7,8,9,10,15,20,25,30,35,40,45,50,55,60,65,70,75,80,85,90,91,92,93,94,95,96,97,98,99,100
POPoutByDist gamma0.05,Weak Selection Y 1.6795,0.828,0.5653,0.3935,0.2849,0.2028,0.158,0.1338,0.0941,0.0651,0.0005,-0.0186,-0.0197,-0.0192,-0.0238,-0.0119,-0.0227,-0.02,-0.0102,-0.0018,-0.0206,-0.0208,-0.0111,-0.0256,-0.0112,0.069,0.0701,0.1019,0.1364,0.1865,0.2495,0.3204,0.3977,0.5837,0.9121,1.6505
POPoutByDist gamma0.05,Weak Selection yL 1.4703,0.697,0.4656,0.3129,0.224,0.1527,0.1181,0.0999,0.0645,0.0392,-0.0204,-0.0304,-0.0316,-0.0316,-0.0334,-0.0223,-0.0326,-0.0285,-0.021,-0.0107,-0.0328,-0.0323,-0.025,-0.0401,-0.0281,0.0427,0.0406,0.071,0.0986,0.137,0.1972,0.2503,0.3153,0.4739,0.7642,1.3991
POPoutByDist gamma0.05,Weak Selection yH 1.8887,0.959,0.6651,0.4741,0.3458,0.2529,0.198,0.1677,0.1237,0.091,0.0215,-0.0068,-0.0077,-0.0068,-0.0142,-0.0015,-0.0128,-0.0115,0.0005,0.0071,-0.0084,-0.0092,0.0028,-0.0111,0.0057,0.0954,0.0996,0.1328,0.1743,0.236,0.3018,0.3906,0.48,0.6936,1.06,1.9019
POPoutByDist gamma0.05,Weak Neutrality X 1,2,3,4,5,6,7,8,9,10,15,20,25,30,35,40,45,50,55,60,65,70,75,80,85,90,91,92,93,94,95,96,97,98,99,100
POPoutByDist gamma0.05,Weak Neutrality Y 0.0641,0.0294,0.0252,0.0206,0.0069,0.0056,0.0008,0.0021,0.0028,0.0007,0.0013,0.0011,0.0019,0.0012,-0.0016,-0.0038,-0.0022,-0.0028,0.0014,0.0006,0.0015,-0.0013,0.0005,0.0004,-0.0021,0.0055,-0.0019,0.0074,0.004,0.0072,0.0084,0.0062,0.0083,0.0171,0.0301,0.0703
POPoutByDist gamma0.05,Weak Neutrality yL 0.0287,0.0076,0.0069,0.0062,-0.0023,-0.0046,-0.0081,-0.0061,-0.0045,-0.0069,-0.0039,-0.0032,-0.0029,-0.0029,-0.0054,-0.0081,-0.0065,-0.0068,-0.0031,-0.0034,-0.0029,-0.0059,-0.0038,-0.0036,-0.0074,-0.001,-0.0076,0.0003,-0.0026,-0.0007,-0.0011,-0.0015,-0.0016,0.0043,0.0105,0.0321
POPoutByDist gamma0.05,Weak Neutrality yH 0.0995,0.0512,0.0436,0.035,0.0161,0.0158,0.0097,0.0104,0.0102,0.0083,0.0065,0.0054,0.0068,0.0053,0.0023,0.0005,0.002,0.0012,0.0059,0.0046,0.0058,0.0032,0.0049,0.0045,0.0032,0.0121,0.0038,0.0146,0.0106,0.0151,0.018,0.0139,0.0183,0.03,0.0497,0.1084
POPoutByDist gamma0.05,Strong Selection X 1,2,3,4,5,6,7,8,9,10,15,20,25,30,35,40,45,50,55,60,65,70,75,80,85,90,91,92,93,94,95,96,97,98,99,100
POPoutByDist gamma0.05,Strong Selection Y 2.4885,1.2426,0.7924,0.5653,0.416,0.3109,0.2313,0.2009,0.1356,0.0957,0.0046,-0.0145,-0.0227,-0.0255,-0.031,-0.0071,-0.0177,-0.0259,-0.0196,-0.0132,-0.0299,-0.0254,-0.0233,-0.0273,-0.0045,0.0815,0.1158,0.1501,0.1884,0.2585,0.3451,0.4509,0.5821,0.7944,1.1998,2.4695
POPoutByDist gamma0.05,Strong Selection yL 2.2587,1.0954,0.6675,0.4655,0.3377,0.2486,0.1756,0.1527,0.1019,0.0682,-0.0127,-0.0328,-0.0372,-0.0396,-0.0437,-0.0209,-0.0284,-0.0349,-0.0302,-0.0282,-0.0418,-0.04,-0.0362,-0.0423,-0.0215,0.0541,0.078,0.1072,0.1394,0.2124,0.2835,0.3884,0.5036,0.6849,1.0489,2.2349
POPoutByDist gamma0.05,Strong Selection yH 2.7183,1.3899,0.9174,0.6651,0.4944,0.3732,0.287,0.2492,0.1692,0.1232,0.0219,0.0038,-0.0083,-0.0114,-0.0183,0.0066,-0.007,-0.0168,-0.009,0.0019,-0.0179,-0.0108,-0.0104,-0.0122,0.0125,0.1089,0.1536,0.1931,0.2374,0.3046,0.4068,0.5134,0.6606,0.9038,1.3507,2.704
POPoutByDist gamma0.05,Strong Neutrality X 1,2,3,4,5,6,7,8,9,10,15,20,25,30,35,40,45,50,55,60,65,70,75,80,85,90,91,92,93,94,95,96,97,98,99,100
POPoutByDist gamma0.05,Strong Neutrality Y 0.0502,0.026,0.0165,0.011,0.0128,0.0113,0.0033,0.0076,0.003,0.0046,0.0017,-0.0011,-0.0015,-0.0001,0.0009,-0.0005,-0.0016,-0.0054,-0.0044,-0.0012,-0.0038,0.0009,0.0018,0.0032,0.0023,-0.002,-0.0034,-0.0025,0.0059,-0.0009,-0.0033,0.0057,0.0063,0.0133,0.0174,0.0519
POPoutByDist gamma0.05,Strong Neutrality yL 0.0229,0.013,0.0062,0.0035,0.0044,0.0043,-0.0021,0.0014,-0.003,-0.0005,-0.0025,-0.0059,-0.0052,-0.0039,-0.0036,-0.0041,-0.0057,-0.0098,-0.0084,-0.0055,-0.0077,-0.0034,-0.0024,-0.0022,-0.0023,-0.0074,-0.0084,-0.0076,-0.0004,-0.0074,-0.0098,-0.0032,-0.0028,0.0034,0.0045,0.0297
POPoutByDist gamma0.05,Strong Neutrality yH 0.0776,0.0389,0.0267,0.0185,0.0211,0.0183,0.0088,0.0139,0.0089,0.0096,0.0059,0.0036,0.0023,0.0037,0.0053,0.003,0.0024,-0.0009,-0.0003,0.003,0.0001,0.0052,0.0061,0.0085,0.007,0.0034,0.0016,0.0027,0.0121,0.0055,0.0032,0.0145,0.0154,0.0233,0.0304,0.0741
POPoutByDist gamma0.1,Weak Selection X 1,2,3,4,5,6,7,8,9,10,15,20,25,30,35,40,45,50,55,60,65,70,75,80,85,90,91,92,93,94,95,96,97,98,99,100
POPoutByDist gamma0.1,Weak Selection Y 1.453,0.7339,0.5098,0.3384,0.264,0.1939,0.1358,0.1207,0.105,0.07,0.0094,-0.0072,-0.0342,-0.0209,-0.0164,-0.0175,-0.0205,-0.0126,-0.0091,-0.0093,-0.0175,-0.0135,-0.0108,-0.0111,-0.0102,0.0456,0.0567,0.0742,0.0977,0.1415,0.1894,0.2178,0.3034,0.4381,0.6894,1.4624
POPoutByDist gamma0.1,Weak Selection yL 1.2504,0.6186,0.4285,0.2708,0.2124,0.1482,0.1019,0.0871,0.0763,0.0429,-0.0091,-0.0241,-0.0491,-0.0324,-0.0287,-0.0284,-0.0313,-0.0204,-0.0181,-0.0193,-0.0283,-0.0238,-0.0242,-0.0249,-0.0254,0.0242,0.0286,0.0444,0.0623,0.0964,0.1352,0.1572,0.2344,0.3546,0.5569,1.2439
POPoutByDist gamma0.1,Weak Selection yH 1.6556,0.8492,0.5911,0.4061,0.3155,0.2396,0.1696,0.1542,0.1337,0.0971,0.0278,0.0097,-0.0194,-0.0094,-0.0041,-0.0067,-0.0096,-0.0048,-0.0002,0.0008,-0.0067,-0.0033,0.0026,0.0027,0.005,0.0669,0.0848,0.1039,0.1332,0.1867,0.2436,0.2784,0.3725,0.5217,0.8219,1.6809
POPoutByDist gamma0.1,Weak Neutrality X 1,2,3,4,5,6,7,8,9,10,15,20,25,30,35,40,45,50,55,60,65,70,75,80,85,90,91,92,93,94,95,96,97,98,99,100
POPoutByDist gamma0.1,Weak Neutrality Y 0.0572,0.0262,0.0221,0.0116,0.0078,0.009,0.0029,0.0026,0.0018,0.0042,0.0018,-0.0003,-0.0043,-0.0053,-0.0023,-0.0001,-0.0,-0.0058,-0.003,-0.0,0.0002,0.0001,0.0006,-0.0012,-0.0,-0.0007,-0.0012,-0.0017,-0.0031,0.0049,-0.0008,0.0085,0.0062,0.0036,0.0117,0.0411
POPoutByDist gamma0.1,Weak Neutrality yL 0.0315,0.0123,0.0099,0.0002,-0.0011,0.0012,-0.0046,-0.0051,-0.0037,-0.0012,-0.0029,-0.005,-0.0083,-0.0102,-0.0065,-0.0043,-0.0042,-0.0101,-0.0069,-0.004,-0.0036,-0.0046,-0.0042,-0.0054,-0.0055,-0.0068,-0.0085,-0.0069,-0.0092,-0.0032,-0.0092,0.0003,-0.0042,-0.0088,-0.0011,0.0172
POPoutByDist gamma0.1,Weak Neutrality yH 0.083,0.0401,0.0342,0.023,0.0168,0.0168,0.0103,0.0103,0.0073,0.0096,0.0064,0.0044,-0.0003,-0.0005,0.002,0.0041,0.0042,-0.0014,0.0009,0.0039,0.004,0.0047,0.0054,0.003,0.0054,0.0054,0.0061,0.0035,0.0029,0.0131,0.0076,0.0167,0.0166,0.0159,0.0245,0.0649
POPoutByDist gamma0.1,Strong Selection X 1,2,3,4,5,6,7,8,9,10,15,20,25,30,35,40,45,50,55,60,65,70,75,80,85,90,91,92,93,94,95,96,97,98,99,100
POPoutByDist gamma0.1,Strong Selection Y 2.6904,1.1931,0.7665,0.5441,0.4174,0.309,0.2253,0.1605,0.1291,0.0914,0.0103,-0.0335,-0.0291,-0.0147,-0.0227,-0.0226,-0.0056,-0.0261,-0.0144,-0.0162,-0.027,-0.0193,-0.0319,-0.0285,0.009,0.0724,0.0934,0.1348,0.1711,0.2348,0.3346,0.4449,0.6104,0.873,1.2898,2.5984
POPoutByDist gamma0.1,Strong Selection yL 2.4187,1.0425,0.6595,0.4546,0.3394,0.253,0.1717,0.1201,0.0968,0.0632,-0.0102,-0.0484,-0.0428,-0.0298,-0.0366,-0.0335,-0.015,-0.0355,-0.0247,-0.0289,-0.0382,-0.0314,-0.0434,-0.0423,-0.0075,0.046,0.0614,0.1003,0.1324,0.187,0.2808,0.3766,0.5194,0.7504,1.1378,2.3397
POPoutByDist gamma0.1,Strong Selection yH 2.9621,1.3437,0.8736,0.6336,0.4954,0.365,0.2789,0.2009,0.1614,0.1196,0.0307,-0.0187,-0.0153,0.0004,-0.0089,-0.0117,0.0038,-0.0167,-0.0041,-0.0036,-0.0158,-0.0073,-0.0204,-0.0147,0.0255,0.0987,0.1254,0.1694,0.2097,0.2827,0.3884,0.5131,0.7013,0.9957,1.4418,2.857
POPoutByDist gamma0.1,Strong Neutrality X 1,2,3,4,5,6,7,8,9,10,15,20,25,30,35,40,45,50,55,60,65,70,75,80,85,90,91,92,93,94,95,96,97,98,99,100
POPoutByDist gamma0.1,Strong Neutrality Y 0.0423,0.0121,0.0094,0.0042,0.004,0.0093,0.004,0.0043,0.0048,0.003,0.0023,0.0011,0.0,-0.001,0.0005,-0.0026,-0.0012,-0.0059,-0.0024,0.0017,0.0003,-0.0031,-0.0026,0.001,-0.002,0.0011,0.0023,0.0011,0.0016,0.0087,-0.0001,0.0096,0.0099,0.0201,0.0214,0.053
POPoutByDist gamma0.1,Strong Neutrality yL 0.0175,0.0011,0.0008,-0.0044,-0.0036,0.0014,-0.0026,-0.0026,-0.0025,-0.0028,-0.0026,-0.0053,-0.0041,-0.0047,-0.0043,-0.0076,-0.0048,-0.0105,-0.0064,-0.0024,-0.0042,-0.0069,-0.0066,-0.0032,-0.0063,-0.0048,-0.0038,-0.005,-0.0055,0.0001,-0.0066,0.001,0.0003,0.0058,0.0024,0.0203
POPoutByDist gamma0.1,Strong Neutrality yH 0.067,0.0232,0.0179,0.0127,0.0115,0.0171,0.0106,0.0113,0.0121,0.0089,0.0072,0.0074,0.0041,0.0028,0.0053,0.0024,0.0025,-0.0013,0.0016,0.0058,0.0048,0.0007,0.0014,0.0051,0.0022,0.007,0.0085,0.0073,0.0086,0.0174,0.0064,0.0182,0.0195,0.0344,0.0404,0.0856
POPoutByDist gamma0.2,Weak Selection X 1,2,3,4,5,6,7,8,9,10,15,20,25,30,35,40,45,50,55,60,65,70,75,80,85,90,91,92,93,94,95,96,97,98,99,100
POPoutByDist gamma0.2,Weak Selection Y 0.8979,0.4752,0.3095,0.225,0.1646,0.11,0.0812,0.077,0.0711,0.0475,0.0057,-0.0123,-0.0231,-0.0157,-0.0102,-0.0104,-0.0109,-0.0186,-0.0085,-0.0024,-0.0077,-0.0152,-0.011,-0.0051,-0.0048,0.0433,0.0442,0.0676,0.0763,0.0824,0.0939,0.1879,0.2252,0.3101,0.4989,1.1152
POPoutByDist gamma0.2,Weak Selection yL 0.7088,0.371,0.2364,0.1685,0.1243,0.0782,0.0526,0.0507,0.047,0.0262,-0.01,-0.0269,-0.0342,-0.0265,-0.0198,-0.0193,-0.0204,-0.0268,-0.0168,-0.013,-0.0177,-0.0275,-0.0219,-0.0232,-0.0207,0.0202,0.0221,0.0426,0.0529,0.0547,0.0642,0.1447,0.1768,0.2331,0.3848,0.901
POPoutByDist gamma0.2,Weak Selection yH 1.087,0.5794,0.3827,0.2815,0.2048,0.1417,0.1099,0.1032,0.0952,0.0688,0.0215,0.0023,-0.012,-0.0049,-0.0005,-0.0015,-0.0015,-0.0103,-0.0003,0.0083,0.0023,-0.003,-0.0,0.0129,0.0111,0.0663,0.0663,0.0927,0.0998,0.1101,0.1235,0.2311,0.2735,0.3871,0.6129,1.3294
POPoutByDist gamma0.2,Weak Neutrality X 1,2,3,4,5,6,7,8,9,10,15,20,25,30,35,40,45,50,55,60,65,70,75,80,85,90,91,92,93,94,95,96,97,98,99,100
POPoutByDist gamma0.2,Weak Neutrality Y 0.0589,0.0265,0.0148,0.0075,0.0107,0.0028,0.0018,0.0042,0.0044,0.0063,0.0005,-0.0012,0.003,0.0029,-0.0026,0.0005,0.0028,-0.0034,0.0009,0.0069,0.0037,0.0003,-0.0001,-0.0024,-0.0,0.0013,0.0037,0.0056,0.0066,0.0075,0.012,0.0047,0.015,0.0194,0.0214,0.0735
POPoutByDist gamma0.2,Weak Neutrality yL 0.0285,0.0115,0.0039,-0.0017,0.0008,-0.0052,-0.0053,-0.0024,-0.0031,0.0001,-0.0049,-0.0056,-0.0017,-0.0012,-0.0076,-0.0039,-0.0024,-0.0068,-0.0034,0.0023,-0.0001,-0.0037,-0.0044,-0.0068,-0.0048,-0.0035,-0.0031,-0.0014,0.0006,0.0009,0.0035,-0.0033,0.0047,0.0086,0.0084,0.0369
POPoutByDist gamma0.2,Weak Neutrality yH 0.0892,0.0415,0.0257,0.0166,0.0205,0.0108,0.009,0.0107,0.0119,0.0125,0.0059,0.0032,0.0077,0.007,0.0024,0.0049,0.0079,-0.0,0.0053,0.0116,0.0074,0.0044,0.0042,0.002,0.0047,0.0061,0.0104,0.0126,0.0125,0.0141,0.0206,0.0126,0.0253,0.0302,0.0344,0.1101
POPoutByDist gamma0.2,Strong Selection X 1,2,3,4,5,6,7,8,9,10,15,20,25,30,35,40,45,50,55,60,65,70,75,80,85,90,91,92,93,94,95,96,97,98,99,100
POPoutByDist gamma0.2,Strong Selection Y 2.8903,1.3525,0.8845,0.6482,0.4738,0.3777,0.2841,0.2373,0.2011,0.1371,0.0248,-0.034,-0.0425,-0.0333,-0.0361,-0.0269,-0.0287,-0.0217,-0.0093,-0.0068,-0.034,-0.0325,-0.0414,-0.0282,-0.0089,0.0669,0.1104,0.1376,0.1603,0.2352,0.287,0.4149,0.6143,0.8898,1.3815,2.9092
POPoutByDist gamma0.2,Strong Selection yL 2.5808,1.1631,0.7344,0.5413,0.3847,0.3029,0.2176,0.1765,0.1476,0.0953,0.0033,-0.0531,-0.0591,-0.0486,-0.05,-0.0409,-0.0406,-0.0301,-0.0185,-0.0181,-0.0468,-0.0457,-0.0539,-0.0441,-0.0306,0.0373,0.0783,0.1017,0.1219,0.1897,0.2361,0.3454,0.5234,0.7744,1.2267,2.6142
POPoutByDist gamma0.2,Strong Selection yH 3.1998,1.542,1.0346,0.7552,0.5629,0.4525,0.3506,0.2981,0.2545,0.179,0.0463,-0.015,-0.0259,-0.0179,-0.0223,-0.013,-0.0167,-0.0133,-0.0001,0.0044,-0.0211,-0.0192,-0.0289,-0.0122,0.0128,0.0965,0.1426,0.1735,0.1988,0.2808,0.338,0.4844,0.7051,1.0052,1.5362,3.2042
POPoutByDist gamma0.2,Strong Neutrality X 1,2,3,4,5,6,7,8,9,10,15,20,25,30,35,40,45,50,55,60,65,70,75,80,85,90,91,92,93,94,95,96,97,98,99,100
POPoutByDist gamma0.2,Strong Neutrality Y 0.0692,0.019,0.0164,0.0215,0.0108,0.0018,0.0017,0.0052,0.0071,0.0037,-0.0,-0.003,-0.0035,0.005,0.0009,-0.0018,-0.0024,-0.0022,-0.0031,0.0029,0.0039,-0.0018,0.002,0.0035,-0.0008,-0.0041,0.0009,-0.0026,0.0019,0.0046,0.0038,0.0002,0.0063,0.0059,0.0117,0.0465
POPoutByDist gamma0.2,Strong Neutrality yL 0.0328,0.003,0.002,-0.0053,0.0003,-0.0061,-0.0058,-0.0016,0.001,-0.002,-0.0053,-0.0073,-0.0076,0.0004,-0.0044,-0.0072,-0.007,-0.0057,-0.0077,-0.0014,-0.0007,-0.0068,-0.0026,-0.002,-0.006,-0.0094,-0.0039,-0.0081,-0.0041,-0.0028,-0.0044,-0.0069,-0.0029,-0.0045,-0.0018,0.024
POPoutByDist gamma0.2,Strong Neutrality yH 0.1056,0.0351,0.0309,0.0482,0.0214,0.0097,0.0091,0.0121,0.0132,0.0094,0.0052,0.0013,0.0006,0.0095,0.0061,0.0035,0.0021,0.0013,0.0015,0.0072,0.0085,0.0031,0.0065,0.0089,0.0043,0.0012,0.0058,0.003,0.0079,0.012,0.0121,0.0073,0.0155,0.0163,0.0252,0.069
POPoutByDist gaussian,Weak Selection X 1,2,3,4,5,6,7,8,9,10,15,20,25,30,35,40,45,50,55,60,65,70,75,80,85,90,91,92,93,94,95,96,97,98,99,100
POPoutByDist gaussian,Weak Selection Y -0.0615,0.0115,0.0091,0.0135,0.0089,0.0145,0.01,0.0055,0.0202,0.0054,0.0036,-0.0095,-0.0028,-0.0074,0.0016,-0.0024,-0.0099,-0.029,-0.009,-0.0112,-0.0032,-0.0042,-0.0034,0.0018,0.0011,0.0042,0.0047,0.0237,0.013,0.008,0.0202,0.02,0.0196,0.0095,0.0087,-0.0784
POPoutByDist gaussian,Weak Selection yL -0.1269,-0.0235,-0.0258,-0.0136,-0.0145,-0.0083,-0.0093,-0.0106,0.002,-0.0115,-0.0085,-0.0226,-0.0137,-0.0202,-0.0085,-0.012,-0.0211,-0.0373,-0.0202,-0.0219,-0.014,-0.0148,-0.0136,-0.01,-0.0131,-0.0122,-0.0112,0.0037,-0.006,-0.0146,0.0011,-0.0068,-0.009,-0.0213,-0.0333,-0.1527
POPoutByDist gaussian,Weak Selection yH 0.0038,0.0466,0.0439,0.0406,0.0324,0.0374,0.0292,0.0216,0.0385,0.0223,0.0157,0.0036,0.008,0.0055,0.0117,0.0073,0.0013,-0.0206,0.0022,-0.0004,0.0076,0.0064,0.0067,0.0135,0.0154,0.0206,0.0205,0.0438,0.032,0.0307,0.0393,0.0467,0.0482,0.0402,0.0508,-0.0041
POPoutByDist gaussian,Weak Neutrality X 1,2,3,4,5,6,7,8,9,10,15,20,25,30,35,40,45,50,55,60,65,70,75,80,85,90,91,92,93,94,95,96,97,98,99,100
POPoutByDist gaussian,Weak Neutrality Y 0.0403,0.0146,0.0079,0.0056,0.0024,0.003,0.0043,0.0004,-0.0008,0.0004,0.0014,0.0023,0.0003,-0.0005,0.0015,-0.0031,-0.0016,-0.0035,-0.0012,-0.0019,-0.0021,0.0015,0.0016,-0.0043,0.0004,-0.0019,-0.0001,-0.0026,-0.0019,0.0016,0.0002,0.0016,0.0065,0.0104,0.0158,0.0375
POPoutByDist gaussian,Weak Neutrality yL 0.0189,0.0032,-0.002,-0.0015,-0.0036,-0.0033,-0.0016,-0.0053,-0.0057,-0.004,-0.0025,-0.0021,-0.0034,-0.0046,-0.0027,-0.0076,-0.0054,-0.0068,-0.0051,-0.0054,-0.0056,-0.0022,-0.0023,-0.0077,-0.0034,-0.0064,-0.0047,-0.0075,-0.0064,-0.004,-0.0048,-0.0058,-0.0012,0.0014,-0.0001,0.0138
POPoutByDist gaussian,Weak Neutrality yH 0.0617,0.026,0.0177,0.0126,0.0084,0.0093,0.0102,0.0061,0.0041,0.0047,0.0054,0.0068,0.004,0.0036,0.0056,0.0015,0.0021,-0.0002,0.0027,0.0016,0.0013,0.0052,0.0055,-0.0008,0.0042,0.0026,0.0045,0.0023,0.0026,0.0072,0.0051,0.009,0.0141,0.0194,0.0318,0.0613
POPoutByDist gaussian,Strong Selection X 1,2,3,4,5,6,7,8,9,10,15,20,25,30,35,40,45,50,55,60,65,70,75,80,85,90,91,92,93,94,95,96,97,98,99,100
POPoutByDist gaussian,Strong Selection Y 0.4762,0.5393,0.4402,0.3546,0.3032,0.2515,0.1959,0.1547,0.1331,0.103,0.0167,-0.023,-0.0356,-0.0387,-0.0739,-0.0348,-0.035,-0.0443,-0.0459,-0.0346,-0.0397,-0.0572,-0.0445,-0.0164,0.0201,0.1207,0.1087,0.1432,0.1809,0.2036,0.2399,0.3211,0.3597,0.4305,0.4795,0.3634
POPoutByDist gaussian,Strong Selection yL 0.3385,0.4582,0.379,0.3016,0.2568,0.2048,0.1561,0.1188,0.095,0.0734,-0.0048,-0.0453,-0.056,-0.0581,-0.0951,-0.0529,-0.0491,-0.0585,-0.0603,-0.0504,-0.0572,-0.0797,-0.0655,-0.0373,-0.0028,0.0889,0.0752,0.1092,0.1416,0.1649,0.1903,0.2706,0.305,0.3693,0.405,0.2087
POPoutByDist gaussian,Strong Selection yH 0.614,0.6204,0.5013,0.4077,0.3497,0.2981,0.2357,0.1906,0.1712,0.1327,0.0382,-0.0007,-0.0153,-0.0192,-0.0527,-0.0166,-0.021,-0.0302,-0.0314,-0.0189,-0.0221,-0.0347,-0.0235,0.0044,0.043,0.1525,0.1422,0.1772,0.2201,0.2423,0.2895,0.3716,0.4144,0.4916,0.554,0.5181
POPoutByDist gaussian,Strong Neutrality X 1,2,3,4,5,6,7,8,9,10,15,20,25,30,35,40,45,50,55,60,65,70,75,80,85,90,91,92,93,94,95,96,97,98,99,100
POPoutByDist gaussian,Strong Neutrality Y 0.013,0.0075,-0.0035,-0.001,-0.0024,-0.0023,0.0041,0.0001,-0.0006,0.0013,0.0029,-0.0016,0.0006,0.0018,0.0003,-0.0026,-0.0008,-0.0021,-0.0011,0.0026,-0.0,0.0003,0.0017,0.0008,-0.0005,0.0043,0.0034,-0.0014,0.0051,0.006,0.0026,0.0033,0.0073,0.01,0.0057,0.0259
POPoutByDist gaussian,Strong Neutrality yL -0.0065,-0.003,-0.0098,-0.0068,-0.0072,-0.0084,-0.0024,-0.0053,-0.0053,-0.0032,-0.0009,-0.0054,-0.0032,-0.0017,-0.0033,-0.0062,-0.0046,-0.0054,-0.0045,-0.001,-0.0044,-0.0038,-0.002,-0.0029,-0.0046,0.0001,-0.0016,-0.0059,-0.0002,0.0001,-0.0029,-0.0031,0.0011,0.0015,-0.0041,0.0118
POPoutByDist gaussian,Strong Neutrality yH 0.0325,0.0179,0.0028,0.0048,0.0023,0.0038,0.0106,0.0054,0.0042,0.0057,0.0068,0.0023,0.0045,0.0054,0.004,0.001,0.003,0.0013,0.0023,0.0062,0.0043,0.0043,0.0055,0.0046,0.0035,0.0085,0.0083,0.0031,0.0104,0.0119,0.0081,0.0098,0.0134,0.0184,0.0155,0.04
