1050 0.00633104
1070 0.0141807
1080 0.00472263
1160 0.00501731
1309 0.00598295
1458 0.00426423
1528 0.00591915
1737 0.0204196
20015 0.133887
20016 0.0216987
20022 0.0128408
20023 0.00963174
20127 0.0134865
20128 0.00780155
20150 0.0508234
20151 0.0624646
20153 0.159491
20154 0.03251
20156 0.00132537
20157 0.0110212
20159 0.00682888
20195 0.00715775
20240 0.00448437
20248 0.00122082
20256 0.0424725
20257 0.0393633
20258 0.0536335
21001 0.0527779
21002 0.0678475
2139 0.0166005
2149 0.00648336
2217 0.00578265
23099 0.0505882
23100 0.0501853
23101 0.0988038
23102 0.0984701
23105 0.0913141
23106 0.0714917
23107 0.0684025
23108 0.0711839
23109 0.0625763
23110 0.0620044
23111 0.0442184
23112 0.0442931
23113 0.0831715
23114 0.0837775
23115 0.0462923
23116 0.0443016
23117 0.08249
23118 0.081788
23119 0.0435586
23120 0.0410629
23121 0.0823645
23122 0.0770203
23123 0.0452727
23124 0.0421091
23125 0.0788802
23126 0.0790216
23127 0.0471404
23128 0.0518272
23129 0.101599
23130 0.102746
23400 0.0400418
23401 0.0452459
23402 0.0413244
23403 0.0436837
23404 0.0499492
23405 0.0456484
23406 0.0570278
23407 0.0433196
23408 0.0419832
23409 0.0542168
23410 0.0552949
23411 0.0388208
23412 0.0471778
23413 0.0488239
23414 0.0506362
23415 0.0395033
23416 0.0393426
23417 0.0432981
23418 0.0688887
23419 0.0433006
23420 0.0416496
23421 0.0513519
23422 0.0649666
23423 0.0333561
23424 0.0435877
23425 0.0462269
23426 0.0560291
23427 0.032553
23428 0.040073
23429 0.0464865
23430 0.0308775
23431 0.0529723
23432 0.00889509
23433 0.0863679
23434 0.0350055
23435 0.0548073
23436 0.0392926
23437 0.0461922
23438 0.0459833
23440 0.0390573
23441 0.0610474
23442 0.0350201
23443 0.0514259
23444 0.0552804
23445 0.0333032
23446 0.037278
23447 0.0386488
23448 0.030047
23449 0.0318281
23450 0.0451714
23451 0.0640481
23452 0.0245182
23453 0.0214512
23454 0.0489884
23455 0.00365217
23456 0.018773
23457 0.0298152
23458 0.0414224
23459 0.0596516
23460 0.0062036
23461 0.0226883
23462 0.114828
23464 0.00497414
23466 0.00232646
23467 0.0039245
23469 0.00971013
23473 0.0188841
23480 0.0277946
23481 0.0479275
23482 0.046696
23483 0.0467442
23484 0.0498855
23485 0.0488617
23486 0.0513872
23487 0.0429498
23488 0.0477655
23489 0.0479688
23490 0.0477061
23491 0.042273
23492 0.0409319
23493 0.0447576
23494 0.042822
23495 0.0417686
23496 0.0441106
23497 0.0413839
23498 0.0443244
23499 0.0432818
23500 0.0431383
23501 0.0350075
23502 0.0348375
23503 0.0382747
23504 0.0396599
23505 0.0415158
23506 0.0437975
23507 0.0440361
23508 0.0446655
23509 0.0502867
23510 0.0485426
23511 0.0424272
23512 0.0495095
23513 0.0483938
23514 0.0460596
23515 0.0532744
23516 0.0625247
23517 0.065052
23518 0.0636147
23519 0.0608277
23520 0.0586087
23521 0.0621267
23522 0.0637046
23523 0.048599
23524 0.0570367
23525 0.06039
23526 0.0565486
23527 0.0568812
23528 0.0553931
23529 0.0701805
23530 0.0488911
23531 0.0478797
23532 0.0426835
23533 0.0503999
23534 0.049212
23535 0.0521961
23536 0.0553342
23537 0.0341392
23538 0.0403051
23539 0.0468225
23540 0.037817
23541 0.0361851
23542 0.0492798
23543 0.0474052
23544 0.0454578
23545 0.0500134
23546 0.0653501
23547 0.0441733
23548 0.0439793
23549 0.0643425
23550 0.0472388
23551 0.0752814
23552 0.0639376
23553 0.0737111
23554 0.0769152
23555 0.0720593
23556 0.0662272
23557 0.0692241
23558 0.0738358
23559 0.0735609
23560 0.0718798
23561 0.0815285
23562 0.0799246
23563 0.0878973
23564 0.0854526
23565 0.0460843
23566 0.0351985
23567 0.0441668
23568 0.0463168
23569 0.0415319
23570 0.046953
23571 0.0548601
23572 0.0210919
23573 0.019415
23574 0.0195108
23575 0.0206421
23576 0.0233277
23577 0.0231551
23578 0.0541015
23579 0.0266626
23580 0.0189778
23581 0.0153421
23582 0.0160828
23583 0.0195615
23584 0.025005
23585 0.0374801
23586 0.036342
23587 0.0264302
23588 0.0351549
23589 0.0524805
23590 0.0428092
23591 0.0394815
23592 0.030578
23593 0.045078
23594 0.0475348
23595 0.0523347
23596 0.054996
23597 0.0496474
23598 0.0551354
23599 0.0575655
23600 0.0538376
23601 0.0490831
23602 0.0643069
23603 0.0562935
23604 0.0284528
23605 0.0641299
23606 0.0553838
23607 0.0336093
23608 0.0615521
23609 0.0360243
23610 0.0733963
23611 0.0662808
23612 0.0209065
23613 0.0700914
23614 0.0319903
23615 0.0447256
23616 0.0162094
23617 0.0528245
23618 0.0607861
23619 0.0255984
23620 0.013664
23621 0.0232735
23622 0.0601721
23623 0.0648061
23624 0.0352518
23625 0.00845837
23626 0.03885
23627 0.0651241
23628 0.0622249
23629 0.0483858
23630 0.0561765
23631 0.0289491
23632 0.0589261
23633 0.0519503
23634 0.0375827
23635 0.0507759
23636 0.0410127
23637 0.0658853
23638 0.066028
23639 0.0433268
23640 0.0565895
23641 0.051777
23642 0.0659102
23643 0.0672794
23644 0.0472463
23645 0.0542286
23646 0.0588852
23647 0.0955722
23648 0.0634512
2714 0.0305895
2744 0.00870686
2754 0.010577
2764 0.0037698
2794 0.00202437
2824 0.00128103
30000 0.0444749
30010 0.0785746
30020 0.0485211
30030 0.0430458
30040 0.112895
30050 0.105007
30060 0.0144028
30070 0.0622602
30080 0.126897
30090 0.105961
30100 0.205799
30110 0.118131
30120 0.0506509
30130 0.0710611
30140 0.0396105
30150 0.0553536
30180 0.0443239
30190 0.0952863
30200 0.0371729
30210 0.0682454
30240 0.0528467
30250 0.0545353
30260 0.0838359
30270 0.0886804
30280 0.0458297
30290 0.0613316
30300 0.0541873
30530 0.00535154
30600 0.0375088
30610 0.126818
30620 0.024837
30630 0.0812428
30640 0.14907
30650 0.0336745
30660 0.141598
30670 0.0261754
30680 0.0363997
30690 0.115883
30700 0.0615211
30710 0.048365
30720 0.0931943
30730 0.0697322
30740 0.0205089
30750 0.0875971
30760 0.086157
30770 0.0692956
30780 0.127488
30790 0.190182
30810 0.0342288
3083 0.0224399
30830 0.0822603
3084 0.026771
30840 0.178892
3085 0.0120246
30850 0.023913
3086 0.0257819
30860 0.038115
30870 0.0488169
30880 0.086195
30890 0.0273214
3143 0.0691153
3144 0.0698828
3146 0.0932955
3147 0.0947376
3148 0.0930545
3536 0.00146194
3581 0.0243575
3680 0.000169264
3710 0.00193657
3761 0.00817293
3786 0.00711701
3872 0.000758953
3882 0.00100368
4100 0.0450802
4101 0.0609249
4103 0.0727174
4104 0.0690141
4105 0.0822205
4106 0.076274
4119 0.043445
4120 0.0545271
4122 0.0741208
4123 0.0678674
4124 0.0693051
4125 0.07571
4194 0.0161921
4198 0.00281872
4199 0.00452045
4200 0.0025521
4283 0.00258374
4288 0.00226304
4290 0.0112643
46 0.0219409
47 0.0219856
48 0.0369388
49 0.0486304
50 0.213007
51 0.0800669
5386 0.00420275
6032 0.00246376
6033 0.00210794
77 0.0119035
78 0.0982015
845 0.00668926
