--- target sibs
1050 152429 17107
1070 158651 17247
1080 130573 16291
1160 167062 17345
1309 161892 17305
1458 160327 17292
1528 155055 17217
1737 126112 16100
20015 167611 17347
20016 54501 6982
20022 95620 13232
20023 166769 17343
20127 136226 16615
20128 54496 6982
20150 126600 16207
20151 126616 16207
20153 98170 14324
20154 98157 14324
20156 56709 6605
20157 56725 6605
20159 51638 7382
20195 41652 7382
20240 39148 7007
20248 14797 3073
20256 134834 16622
20257 134826 16622
20258 134814 16622
21001 167549 17347
21002 167631 17347
2139 147861 16886
2149 137997 16613
2217 143822 16874
23099 165405 17337
23100 164971 17336
23101 165285 17337
23102 165303 17337
23105 165294 17337
23106 165283 17336
23107 165268 17337
23108 165261 17337
23109 165249 17337
23110 165279 17337
23111 165278 17337
23112 165193 17337
23113 165278 17337
23114 165280 17337
23115 165289 17337
23116 165292 17337
23117 165264 17337
23118 165257 17337
23119 165266 17337
23120 164979 17337
23121 165249 17337
23122 165239 17337
23123 165244 17337
23124 164915 17337
23125 165216 17337
23126 165214 17337
23127 165208 17337
23128 165168 17337
23129 165157 17337
23130 165140 17337
23400 40294 7417
23401 40293 7417
23402 40307 7417
23403 40304 7417
23404 40305 7417
23405 40300 7417
23406 40296 7417
23407 40287 7417
23408 40289 7417
23409 40287 7417
23410 40283 7417
23411 40299 7417
23412 40293 7417
23413 40293 7417
23414 40295 7417
23415 40301 7417
23416 40297 7417
23417 40305 7417
23418 40297 7417
23419 40295 7417
23420 40298 7417
23421 40300 7417
23422 40293 7417
23423 40301 7417
23424 40298 7417
23425 40293 7417
23426 40299 7417
23427 40291 7417
23428 40298 7417
23429 40300 7417
23430 40290 7417
23431 40308 7417
23432 40303 7417
23433 40297 7417
23434 40268 7413
23435 40270 7413
23436 40277 7413
23437 40269 7413
23438 40274 7413
23440 40292 7417
23441 40302 7417
23442 40265 7413
23443 40274 7413
23444 40258 7413
23445 40266 7413
23446 40269 7413
23447 40260 7413
23448 40266 7413
23449 40273 7413
23450 40257 7413
23451 40249 7413
23452 40276 7413
23453 40279 7413
23454 40270 7413
23455 40277 7413
23456 40276 7413
23457 40253 7413
23458 40274 7413
23459 40201 7413
23460 40283 7417
23461 40181 7399
23462 40258 7410
23464 40269 7416
23466 40283 7417
23467 40286 7416
23469 40233 7406
23473 40291 7416
23480 40301 7417
23481 40278 7417
23482 40265 7417
23483 40274 7417
23484 40279 7417
23485 40291 7417
23486 40285 7417
23487 40256 7417
23488 40282 7417
23489 40284 7417
23490 40286 7417
23491 40294 7417
23492 40301 7417
23493 40289 7417
23494 40280 7417
23495 40293 7417
23496 40294 7417
23497 40286 7417
23498 40296 7417
23499 40296 7417
23500 40302 7417
23501 40282 7417
23502 40299 7417
23503 40299 7417
23504 40300 7417
23505 40299 7417
23506 40291 7417
23507 40302 7417
23508 40304 7417
23509 40302 7417
23510 40290 7417
23511 40293 7417
23512 40295 7417
23513 40291 7417
23514 40302 7417
23515 40286 7417
23516 40297 7417
23517 40289 7417
23518 40296 7417
23519 40297 7417
23520 40298 7417
23521 40298 7417
23522 40285 7417
23523 40299 7417
23524 40297 7417
23525 40298 7417
23526 40301 7417
23527 40303 7417
23528 40299 7417
23529 40284 7417
23530 40294 7417
23531 40296 7417
23532 40296 7417
23533 40295 7417
23534 40300 7417
23535 40295 7417
23536 40271 7417
23537 40303 7417
23538 40299 7417
23539 40304 7417
23540 40298 7417
23541 40293 7417
23542 40296 7417
23543 40281 7417
23544 40298 7417
23545 40300 7417
23546 40298 7417
23547 40302 7417
23548 40310 7417
23549 40297 7417
23550 40276 7417
23551 40296 7417
23552 40294 7417
23553 40290 7417
23554 40295 7417
23555 40298 7417
23556 40284 7417
23557 40273 7417
23558 40292 7417
23559 40305 7417
23560 40304 7417
23561 40304 7417
23562 40299 7417
23563 40303 7417
23564 40279 7417
23565 40299 7417
23566 40291 7417
23567 40295 7417
23568 40298 7417
23569 40296 7417
23570 40301 7417
23571 40281 7417
23572 40292 7417
23573 40296 7417
23574 40289 7417
23575 40298 7417
23576 40291 7417
23577 40295 7417
23578 40298 7417
23579 39115 7225
23580 39036 7225
23581 38957 7225
23582 39027 7225
23583 39121 7225
23584 39657 7382
23585 39925 7382
23586 39922 7382
23587 39933 7382
23588 39947 7382
23589 40297 7417
23590 40274 7417
23591 40288 7417
23592 40216 7417
23593 40213 7417
23594 40276 7417
23595 40305 7417
23596 40303 7417
23597 40303 7417
23598 40304 7417
23599 40303 7417
23600 40303 7417
23601 40296 7417
23602 40303 7417
23603 40297 7417
23604 40295 7417
23605 40301 7417
23606 40305 7417
23607 40289 7417
23608 40302 7417
23609 40295 7417
23610 40288 7417
23611 40296 7417
23612 40284 7417
23613 40247 7417
23614 40287 7417
23615 40248 7417
23616 40267 7417
23617 40284 7417
23618 40236 7417
23619 40296 7417
23620 40261 7417
23621 40289 7417
23622 40283 7417
23623 40249 7417
23624 40286 7417
23625 40274 7417
23626 40299 7417
23627 40254 7417
23628 40248 7417
23629 40128 7417
23630 40217 7417
23631 40212 7417
23632 40197 7417
23633 40175 7417
23634 40263 7417
23635 40247 7417
23636 40264 7417
23637 40176 7417
23638 40242 7417
23639 40293 7417
23640 40291 7417
23641 40301 7417
23642 40293 7417
23643 40291 7417
23644 40303 7417
23645 40300 7417
23646 40285 7417
23647 40279 7417
23648 40295 7417
2714 85640 13752
2744 70052 12091
2754 59514 10805
2764 59450 10790
2794 70247 11854
2824 14741 3420
30000 130071 16359
30010 130109 16359
30020 130122 16359
30030 130116 16359
30040 130031 16359
30050 129950 16359
30060 130015 16359
30070 129775 16359
30080 130056 16359
30090 130059 16359
30100 130124 16359
30110 130093 16359
30120 129849 16349
30130 129759 16349
30140 129830 16349
30150 129653 16349
30180 129882 16349
30190 129737 16349
30200 129807 16349
30210 129706 16349
30240 127863 16279
30250 127858 16279
30260 127977 16279
30270 127986 16279
30280 128024 16279
30290 127852 16279
30300 127856 16279
30530 162980 17335
30600 121965 15816
30610 133196 16285
30620 132911 16285
30630 121235 15789
30640 132678 16263
30650 132484 16263
30660 112276 15010
30670 133212 16279
30680 121902 15810
30690 133352 16287
30700 133211 16281
30710 132409 16272
30720 133147 16289
30730 132762 16283
30740 121404 15807
30750 127020 16261
30760 121931 15816
30770 132559 16253
30780 133100 16279
30790 107324 14652
30810 121745 15801
3083 14823 2634
30830 120642 15770
3084 14827 2634
30840 132510 16258
3085 14830 2634
30850 121362 15653
3086 14823 2634
30860 121847 15810
30870 133038 16279
30880 133193 16285
30890 126726 15951
3143 96006 12783
3144 95891 12783
3146 95839 12783
3147 95833 12783
3148 95989 12781
3536 50109 6142
3581 59403 9577
3680 6388 1169
3710 16357 2569
3761 53945 5768
3786 17029 3183
3872 11664 2399
3882 5893 1532
4100 53365 6888
4101 53307 6888
4103 53285 6888
4104 53274 6888
4105 53248 6888
4106 53278 6888
4119 53384 6880
4120 53313 6880
4122 53302 6880
4123 53288 6880
4124 53267 6879
4125 53284 6880
4194 51173 6713
4198 55369 7010
4199 55366 7010
4200 55349 7010
4283 17081 2881
4288 55711 7041
4290 55446 7041
46 167475 17347
47 167470 17346
48 167857 17346
49 167774 17346
50 167773 17347
51 167619 17347
5386 13846 2425
6032 25390 3368
6033 25373 3368
77 14828 2634
78 95838 12783
845 109554 14511
