1050 0.00035
1070 0.00048
1080 0.00022
1160 0.00047
1309 0.00060
1458 0.00022
1528 0.00073
1737 0.00889
20015 0.00422
20016 0.00071
20022 0.00109
20023 0.00038
20127 0.00038
20128 0.00072
20150 0.00096
20151 0.00134
20153 0.00357
20154 0.00121
20156 0.00053
20157 0.00071
20159 0.00087
20195 0.00059
20240 0.00073
20248 0.0001
20256 0.00130
20257 0.00074
20258 0.00275
21001 0.00285
21002 0.00197
2139 0.00038
2149 0.00033
2217 0.00117
23099 0.00155
23100 0.00200
23101 0.00179
23102 0.00183
23105 0.00216
23106 0.00205
23107 0.00207
23108 0.00205
23109 0.00136
23110 0.00123
23111 0.00150
23112 0.00202
23113 0.00202
23114 0.00211
23115 0.00146
23116 0.00193
23117 0.00199
23118 0.00241
23119 0.00172
23120 0.00215
23121 0.00144
23122 0.00160
23123 0.00186
23124 0.00230
23125 0.00169
23126 0.00162
23127 0.00112
23128 0.00156
23129 0.00205
23130 0.00186
23400 0.0001
23401 0.0001
23402 0.0001
23403 0.0001
23404 0.0001
23405 0.0001
23406 0.0001
23407 0.0001
23408 0.0001
23409 0.0001
23410 0.0001
23411 0.0001
23412 0.0001
23413 0.0001
23414 0.0001
23415 0.0001
23416 0.0001
23417 0.0001
23418 0.0001
23419 0.0001
23420 0.0001
23421 0.0001
23422 0.0001
23423 0.0001
23424 0.0001
23425 0.0001
23426 0.0001
23427 0.0001
23428 0.0001
23429 0.0001
23430 0.0001
23431 0.0001
23432 0.0001
23433 0.0001
23434 0.0001
23435 0.0001
23436 0.0001
23437 0.0001
23438 0.0001
23440 0.0001
23441 0.0001
23442 0.0001
23443 0.0001
23444 0.0001
23445 0.0001
23446 0.0001
23447 0.0001
23448 0.0001
23449 0.0001
23450 0.0001
23451 0.0001
23452 0.0001
23453 0.0001
23454 0.0001
23455 0.0001
23456 0.0001
23457 0.0001
23458 0.0001
23459 0.0001
23460 0.0001
23461 0.0001
23462 0.0001
23464 0.0001
23466 0.0001
23467 0.0001
23469 0.0001
23473 0.0001
23480 0.0001
23481 0.0001
23482 0.0001
23483 0.0001
23484 0.0001
23485 0.0001
23486 0.0001
23487 0.0001
23488 0.0001
23489 0.0001
23490 0.0001
23491 0.0001
23492 0.0001
23493 0.0001
23494 0.0001
23495 0.0001
23496 0.0001
23497 0.0001
23498 0.0001
23499 0.0001
23500 0.0001
23501 0.0001
23502 0.0001
23503 0.0001
23504 0.0001
23505 0.0001
23506 0.0001
23507 0.0001
23508 0.0001
23509 0.0001
23510 0.0001
23511 0.0001
23512 0.0001
23513 0.0001
23514 0.0001
23515 0.0001
23516 0.0001
23517 0.0001
23518 0.0001
23519 0.0001
23520 0.0001
23521 0.0001
23522 0.0001
23523 0.0001
23524 0.0001
23525 0.0001
23526 0.0001
23527 0.0001
23528 0.0001
23529 0.0001
23530 0.0001
23531 0.0001
23532 0.0001
23533 0.0001
23534 0.0001
23535 0.0001
23536 0.0001
23537 0.0001
23538 0.0001
23539 0.0001
23540 0.0001
23541 0.0001
23542 0.0001
23543 0.0001
23544 0.0001
23545 0.0001
23546 0.0001
23547 0.0001
23548 0.0001
23549 0.0001
23550 0.0001
23551 0.0001
23552 0.0001
23553 0.0001
23554 0.0001
23555 0.0001
23556 0.0001
23557 0.0001
23558 0.0001
23559 0.0001
23560 0.0001
23561 0.0001
23562 0.0001
23563 0.0001
23564 0.0001
23565 0.0001
23566 0.0001
23567 0.0001
23568 0.0001
23569 0.0001
23570 0.0001
23571 0.0001
23572 0.0001
23573 0.0001
23574 0.0001
23575 0.0001
23576 0.0001
23577 0.0001
23578 0.0001
23579 0.0001
23580 0.0001
23581 0.0001
23582 0.0001
23583 0.0001
23584 0.0001
23585 0.0001
23586 0.0001
23587 0.0001
23588 0.0001
23589 0.0001
23590 0.0001
23591 0.0001
23592 0.0001
23593 0.0001
23594 0.0001
23595 0.0001
23596 0.0001
23597 0.0001
23598 0.0001
23599 0.0001
23600 0.0001
23601 0.0001
23602 0.0001
23603 0.0001
23604 0.0001
23605 0.0001
23606 0.0001
23607 0.0001
23608 0.0001
23609 0.0001
23610 0.0001
23611 0.0001
23612 0.0001
23613 0.0001
23614 0.0001
23615 0.0001
23616 0.0001
23617 0.0001
23618 0.0001
23619 0.0001
23620 0.0001
23621 0.0001
23622 0.0001
23623 0.0001
23624 0.0001
23625 0.0001
23626 0.0001
23627 0.0001
23628 0.0001
23629 0.0001
23630 0.0001
23631 0.0001
23632 0.0001
23633 0.0001
23634 0.0001
23635 0.0001
23636 0.0001
23637 0.0001
23638 0.0001
23639 0.0001
23640 0.0001
23641 0.0001
23642 0.0001
23643 0.0001
23644 0.0001
23645 0.0001
23646 0.0001
23647 0.0001
23648 0.0001
2714 0.00325
2744 0.00080
2754 0.00073
2764 0.00048
2794 0.00026
2824 0.0001
30000 0.00391
30010 0.01147
30020 0.00401
30030 0.00329
30040 0.01163
30050 0.01509
30060 0.00244
30070 0.00584
30080 0.00978
30090 0.00708
30100 0.02609
30110 0.02554
30120 0.00339
30130 0.00714
30140 0.00535
30150 0.00454
30180 0.00258
30190 0.00610
30200 0.00309
30210 0.00402
30240 0.00745
30250 0.00677
30260 0.00759
30270 0.00830
30280 0.00664
30290 0.00765
30300 0.00769
30530 0.00024
30600 0.00264
30610 0.03011
30620 0.00416
30630 0.01819
30640 0.04932
30650 0.00982
30660 0.18560
30670 0.00179
30680 0.00750
30690 0.01971
30700 0.00215
30710 0.01337
30720 0.05356
30730 0.01911
30740 0.01299
30750 0.01967
30760 0.02976
30770 0.00637
30780 0.03277
30790 0.24850
30810 0.00550
3083 0.0001
30830 0.01515
3084 0.0001
30840 0.25640
3085 0.0001
30850 0.00272
3086 0.0001
30860 0.00332
30870 0.01544
30880 0.05278
30890 0.01665
3143 0.00232
3144 0.01322
3146 0.01436
3147 0.01471
3148 0.01524
3536 0.00162
3581 0.00664
3680 0.0001
3710 0.0001
3761 0.00217
3786 0.0001
3872 0.0001
3882 0.0001
4100 0.00232
4101 0.01436
4103 0.01484
4104 0.01571
4105 0.01478
4106 0.01545
4119 0.00231
4120 0.01275
4122 0.01499
4123 0.01637
4124 0.01542
4125 0.01581
4194 0.00240
4198 0.00053
4199 0.00149
4200 0.00051
4283 0.0001
4288 0.00067
4290 0.00057
46 0.00045
47 0.00054
48 0.00212
49 0.00187
50 0.00461
51 0.00315
5386 0.0001
6032 0.0001
6033 0.00167
77 0.0001
78 0.01425
845 0.00033
