--- mean var skew kurtosis
1050 0.000 5.007 1.127 4.716
1070 -0.000 2.198 0.833 5.180
1080 0.000 2.011 2.144 9.380
1160 0.000 1.128 0.027 4.572
1309 0.000 1.968 1.109 5.428
1458 0.000 6.829 -0.327 2.919
1528 0.000 4.263 1.262 5.547
1737 -0.000 8.280 3.493 20.731
20015 -0.000 12.994 -0.086 4.817
20016 0.000 4.223 0.165 2.871
20022 0.000 0.425 -0.155 4.637
20023 -0.000 10745.761 1.417 6.760
20127 -0.000 10.132 0.547 2.479
20128 0.000 4.116 0.341 3.067
20150 -0.000 0.296 0.034 4.582
20151 -0.000 0.447 0.277 4.620
20153 -0.000 0.046 0.059 3.954
20154 -0.000 249.290 0.001 4.124
20156 -0.000 175.055 1.707 7.649
20157 -0.000 498.205 1.574 7.217
20159 0.000 21.102 -0.668 4.329
20195 -0.000 17.482 -0.456 4.155
20240 0.000 2.093 -0.336 4.079
20248 0.000 15.757 3.924 22.251
20256 -0.000 1.152 -0.062 3.823
20257 0.000 1.037 -0.093 4.046
20258 -0.000 0.738 0.568 4.628
21001 0.000 20.362 1.003 5.052
21002 0.000 186.511 0.910 4.831
2139 0.000 11.753 1.455 8.168
2149 -0.000 162.501 9.808 156.989
2217 0.000 274.450 -0.241 1.614
23099 -0.000 37.409 -0.132 3.253
23100 -0.000 77.960 0.986 5.007
23101 -0.000 38.001 0.505 4.317
23102 0.000 20.606 0.518 4.401
23105 0.000 678713.778 0.749 4.998
23106 -0.000 4221.647 0.120 4.012
23107 -0.000 976.019 0.033 3.871
23108 0.000 979.095 0.030 3.862
23109 -0.000 1333.514 0.382 4.111
23110 0.000 1440.430 0.382 3.886
23111 -0.000 28.231 0.150 3.760
23112 -0.000 2.164 1.360 6.826
23113 0.000 1.393 0.929 5.862
23114 0.000 1.225 0.934 5.896
23115 0.000 25.435 0.116 3.581
23116 -0.000 2.064 1.366 6.871
23117 -0.000 1.397 0.933 5.884
23118 0.000 1.228 0.935 5.887
23119 0.000 51.502 0.185 4.161
23120 -0.000 0.312 2.056 7.428
23121 0.000 0.187 0.543 4.914
23122 -0.000 0.166 0.541 4.909
23123 -0.000 52.490 0.215 3.974
23124 -0.000 0.382 1.634 7.759
23125 -0.000 0.213 0.535 4.595
23126 -0.000 0.189 0.534 4.598
23127 0.000 49.275 -0.298 3.459
23128 0.000 24.735 0.666 4.098
23129 -0.000 10.144 0.367 4.212
23130 -0.000 9.314 0.351 4.347
23400 0.000 0.711 0.388 3.656
23401 0.000 0.612 0.473 3.560
23402 -0.000 0.152 0.490 3.516
23403 -0.000 0.056 0.597 3.616
23404 0.000 0.463 0.414 3.539
23405 -0.000 0.167 0.450 3.655
23406 -0.000 0.075 0.705 4.104
23407 -0.000 0.299 1.146 5.062
23408 -0.000 0.208 1.138 5.025
23409 0.000 0.002 1.223 5.433
23410 -0.000 0.002 0.989 4.843
23411 -0.000 0.175 0.425 3.822
23412 -0.000 0.030 0.749 3.915
23413 0.000 0.017 0.432 3.549
23414 0.000 0.073 0.610 4.064
23415 -0.000 0.364 0.367 3.648
23416 0.000 0.019 0.567 3.597
23417 -0.000 0.091 0.466 3.647
23418 0.000 0.046 0.659 3.979
23419 0.000 0.060 0.440 3.627
23420 0.000 0.011 0.685 3.764
23421 -0.000 0.012 0.376 3.576
23422 0.000 0.004 0.810 4.497
23423 0.000 2.337 0.522 3.803
23424 -0.000 0.676 0.880 4.267
23425 0.000 0.313 0.465 3.636
23426 0.000 0.289 0.652 4.123
23427 0.000 0.000 0.429 4.175
23428 0.000 0.000 0.670 3.780
23429 -0.000 0.000 0.545 3.672
23430 -0.000 0.000 0.462 4.148
23431 -0.000 1.324 0.028 2.984
23432 -0.000 0.007 -0.535 3.579
23433 -0.000 0.032 0.736 3.844
23434 0.000 0.124 0.487 4.058
23435 -0.000 0.042 0.665 3.578
23436 0.000 0.129 0.431 3.983
23437 0.000 0.107 0.463 3.985
23438 -0.000 0.004 0.388 3.792
23440 -0.000 0.042 0.560 4.128
23441 -0.000 0.024 0.603 3.628
23442 0.000 5.233 0.849 4.535
23443 -0.000 0.005 0.109 3.860
23444 -0.000 0.041 1.083 5.423
23445 0.000 0.400 0.517 3.891
23446 0.000 0.551 0.537 3.936
23447 0.000 0.621 1.107 5.132
23448 0.000 0.822 1.049 5.135
23449 0.000 0.408 0.551 3.933
23450 -0.000 0.006 1.135 6.008
23451 -0.000 2.078 1.032 5.477
23452 0.000 11.736 -0.641 3.686
23453 0.000 12.550 -0.600 3.675
23454 -0.000 6.175 0.394 3.268
23455 -0.000 3.475 0.495 4.150
23456 -0.000 10.066 -0.223 3.382
23457 0.000 0.390 0.940 5.269
23458 0.000 0.106 0.105 3.144
23459 -0.000 13.803 1.619 7.918
23460 -0.000 0.005 0.533 3.368
23461 0.000 0.006 0.166 3.656
23462 0.000 0.003 0.803 5.002
23464 -0.000 0.006 1.081 5.258
23466 0.000 0.001 1.140 5.610
23467 -0.000 0.002 0.859 4.613
23469 0.000 0.000 0.833 4.484
23473 -0.000 0.000 0.543 4.006
23480 -0.000 0.012 0.536 3.882
23481 -0.000 0.000 1.338 5.538
23482 0.000 0.037 1.376 5.742
23483 0.000 0.001 1.302 5.409
23484 0.000 0.002 1.145 4.867
23485 0.000 0.001 1.089 4.668
23486 -0.000 0.000 1.206 5.083
23487 -0.000 0.015 1.493 6.303
23488 0.000 0.000 1.050 4.743
23489 -0.000 0.016 1.082 4.819
23490 -0.000 0.001 1.007 4.593
23491 -0.000 0.001 0.748 3.829
23492 0.000 0.000 0.624 3.611
23493 0.000 0.000 0.931 4.345
23494 -0.000 0.006 1.227 5.268
23495 0.000 0.000 0.924 4.300
23496 -0.000 0.028 0.913 4.306
23497 -0.000 0.001 0.847 4.140
23498 0.000 0.002 0.674 3.703
23499 0.000 0.000 0.592 3.592
23500 -0.000 0.001 0.806 4.010
23501 0.000 0.008 1.092 4.878
23502 0.000 0.000 0.617 3.652
23503 -0.000 0.038 0.653 3.721
23504 -0.000 0.002 0.587 3.619
23505 0.000 0.004 0.529 3.560
23506 0.000 0.001 0.454 3.506
23507 -0.000 0.001 0.587 3.619
23508 0.000 0.012 0.902 4.302
23509 -0.000 0.000 0.722 3.922
23510 0.000 0.015 0.667 3.830
23511 -0.000 0.001 0.583 3.690
23512 -0.000 0.002 0.584 3.691
23513 -0.000 0.001 0.579 3.695
23514 0.000 0.000 0.574 3.670
23515 -0.000 0.003 0.916 4.495
23516 0.000 0.000 0.648 3.907
23517 -0.000 0.007 0.650 3.964
23518 0.000 0.001 0.712 4.211
23519 -0.000 0.002 0.531 3.668
23520 0.000 0.001 0.489 3.577
23521 -0.000 0.000 0.643 3.966
23522 -0.000 0.000 1.041 5.023
23523 -0.000 0.000 0.473 3.380
23524 0.000 0.068 0.428 3.587
23525 -0.000 0.004 0.484 3.702
23526 -0.000 0.037 0.373 3.481
23527 -0.000 0.020 0.375 3.482
23528 0.000 0.003 0.379 3.466
23529 0.000 0.001 1.098 5.106
23530 -0.000 0.000 0.586 3.709
23531 0.000 0.122 0.469 3.684
23532 -0.000 0.006 0.410 3.544
23533 -0.000 0.068 0.462 3.700
23534 0.000 0.037 0.484 3.745
23535 -0.000 0.005 0.396 3.614
23536 0.000 0.001 1.166 5.298
23537 -0.000 0.000 0.507 3.609
23538 -0.000 0.024 0.456 3.567
23539 -0.000 0.002 0.450 3.535
23540 0.000 0.012 0.426 3.541
23541 0.000 0.007 0.460 3.552
23542 -0.000 0.001 0.368 3.574
23543 0.000 0.000 1.302 5.713
23544 -0.000 0.000 0.547 3.653
23545 0.000 0.004 0.494 3.636
23546 -0.000 0.000 0.429 3.677
23547 -0.000 0.002 0.449 3.567
23548 0.000 0.001 0.524 3.652
23549 0.000 0.000 0.186 3.564
23550 0.000 0.000 1.347 5.832
23551 -0.000 0.000 1.230 5.867
23552 0.000 0.005 1.210 5.690
23553 -0.000 0.002 1.193 5.561
23554 0.000 0.001 1.160 5.595
23555 -0.000 0.001 1.153 5.441
23556 0.000 0.000 1.054 5.822
23557 -0.000 0.000 1.138 5.335
23558 -0.000 0.000 1.003 4.610
23559 -0.000 0.076 0.979 4.551
23560 0.000 0.017 0.905 4.382
23561 -0.000 0.021 0.994 4.524
23562 -0.000 0.013 0.970 4.419
23563 0.000 0.001 1.045 4.832
23564 -0.000 0.000 1.053 5.147
23565 0.000 0.000 0.528 4.085
23566 -0.000 0.037 0.541 4.141
23567 -0.000 0.008 0.560 4.228
23568 -0.000 0.011 0.513 3.943
23569 0.000 0.007 0.493 3.914
23570 0.000 0.000 0.572 4.069
23571 -0.000 0.000 0.899 4.641
23572 -0.000 0.000 0.339 4.050
23573 -0.000 0.022 0.455 4.085
23574 0.000 0.008 0.524 4.118
23575 -0.000 0.003 0.353 4.028
23576 0.000 0.002 0.270 3.982
23577 0.000 0.000 0.494 4.222
23578 0.000 0.000 0.789 4.399
23579 0.000 15.515 -1.283 9.292
23580 -0.000 109.526 2.621 12.351
23581 -0.000 46.408 2.593 12.990
23582 0.000 15.373 2.492 11.964
23583 0.000 152.191 -1.910 9.628
23584 -0.000 4.010 -2.550 15.629
23585 0.000 49.592 1.396 7.027
23586 -0.000 32.941 1.470 7.238
23587 -0.000 2.441 1.042 8.256
23588 0.000 54.192 -0.740 6.453
23589 -0.000 10.751 -2.541 13.096
23590 0.000 16.172 0.038 5.103
23591 0.000 10.023 0.300 4.043
23592 -0.000 1.560 -0.996 8.588
23593 0.000 29.502 1.011 8.617
23594 0.000 2.631 -0.442 4.019
23595 -0.000 36.646 -0.343 3.186
23596 0.000 20.599 -0.306 3.051
23597 0.000 2.468 -0.428 3.706
23598 0.000 57.203 0.373 3.406
23599 -0.000 3.616 -0.060 3.428
23600 -0.000 19.028 -0.275 3.272
23601 -0.000 6.868 -0.347 3.387
23602 -0.000 4.093 -0.098 3.402
23603 0.000 37.889 0.216 3.295
23604 0.000 0.636 0.039 4.041
23605 0.000 16.664 -0.671 4.064
23606 0.000 13.371 -0.589 3.885
23607 0.000 0.321 -1.123 5.285
23608 -0.000 13.362 0.731 4.342
23609 -0.000 0.758 0.020 3.257
23610 -0.000 7.376 -1.103 5.267
23611 0.000 5.034 -0.794 4.498
23612 -0.000 1.042 -0.629 4.413
23613 -0.000 4.732 1.366 6.592
23614 -0.000 0.542 0.013 3.202
23615 -0.000 2.224 -0.963 6.174
23616 -0.000 1.234 -0.556 4.112
23617 -0.000 1.391 -0.964 5.065
23618 0.000 2.312 1.432 7.149
23619 0.000 0.629 -0.230 3.435
23620 -0.000 2.175 -1.323 6.527
23621 -0.000 3.382 -0.405 4.124
23622 -0.000 3.119 -0.670 4.698
23623 -0.000 1.912 1.519 7.111
23624 -0.000 2.934 0.209 4.262
23625 0.000 3.362 -0.902 4.930
23626 -0.000 4.104 -0.019 4.238
23627 -0.000 3.412 -1.297 6.098
23628 0.000 2.677 1.417 6.461
23629 0.000 26.607 -1.640 8.368
23630 0.000 17.579 1.149 7.760
23631 -0.000 8.486 -0.077 7.009
23632 -0.000 8.062 1.363 7.755
23633 -0.000 7.458 1.954 9.966
23634 0.000 7.080 1.012 6.055
23635 0.000 22.879 -1.305 6.109
23636 -0.000 18.195 -1.317 5.951
23637 -0.000 0.882 -1.443 7.987
23638 -0.000 7.447 1.372 6.394
23639 0.000 1.359 0.522 3.525
23640 -0.000 7.587 -0.510 3.464
23641 0.000 5.980 -0.662 3.707
23642 0.000 0.349 -0.111 3.780
23643 0.000 2.929 0.531 3.601
23644 0.000 1.347 0.179 3.393
23645 0.000 3.211 -0.529 3.747
23646 0.000 3.183 -0.686 4.116
23647 -0.000 0.240 0.839 5.092
23648 0.000 1.470 0.544 3.898
2714 0.000 2.544 0.209 3.097
2744 -0.000 1.429 -0.391 4.611
2754 -0.000 18.714 0.322 3.177
2764 -0.000 21.874 0.238 2.892
2794 -0.000 13.437 1.890 9.978
2824 -0.000 54.185 0.121 2.949
30000 -0.000 2.650 0.754 4.492
30010 -0.000 0.112 -0.071 4.194
30020 -0.000 0.873 -0.343 4.622
30030 0.000 7.485 -0.236 4.503
30040 -0.000 16.724 -0.315 5.493
30050 -0.000 2.595 -0.430 6.555
30060 0.000 0.808 0.192 4.096
30070 -0.000 0.674 1.597 8.677
30080 0.000 3121.674 0.542 4.578
30090 -0.000 0.002 0.442 4.797
30100 -0.000 1.139 0.746 4.062
30110 0.000 0.257 0.834 4.521
30120 0.000 0.324 0.852 5.197
30130 -0.000 0.024 0.929 5.857
30140 0.000 1.694 0.933 5.069
30150 0.000 0.014 1.786 8.047
30180 0.000 49.092 0.301 3.771
30190 0.000 4.266 0.759 5.945
30200 -0.000 64.964 -0.239 3.969
30210 0.000 2.867 1.742 7.650
30240 -0.000 0.254 1.194 7.583
30250 0.000 0.001 1.096 6.301
30260 -0.000 54.134 -0.302 5.141
30270 -0.000 23.468 0.240 3.954
30280 -0.000 0.003 -0.018 3.609
30290 0.000 0.037 1.329 6.601
30300 -0.000 0.000 1.171 5.117
30530 -0.000 1751.730 0.851 3.724
30600 0.000 6.112 0.018 3.512
30610 -0.000 464.937 1.038 5.839
30620 0.000 121.761 2.275 11.360
30630 0.000 0.055 0.495 3.591
30640 0.000 0.049 0.399 3.391
30650 0.000 52.146 2.394 13.716
30660 -0.000 0.520 2.128 9.627
30670 0.000 1.404 0.651 4.283
30680 -0.000 0.008 0.384 4.263
30690 -0.000 0.998 0.398 3.568
30700 -0.000 120.092 0.789 5.495
30710 0.000 9.304 3.586 20.080
30720 0.000 0.014 0.863 5.682
30730 0.000 725.189 3.424 19.508
30740 -0.000 0.438 1.492 10.298
30750 0.000 13.631 0.464 6.558
30760 -0.000 0.107 0.707 4.206
30770 0.000 27.455 0.432 3.810
30780 0.000 0.606 0.385 3.454
30790 0.000 2370.588 1.426 3.870
30810 0.000 0.023 -0.032 3.254
3083 -0.000 372.377 0.472 4.624
30830 0.000 631.659 1.389 7.186
3084 0.000 0.014 0.621 4.169
30840 -0.000 15.487 2.193 10.039
3085 -0.000 319.355 0.297 4.226
30850 0.000 6.596 1.085 9.464
3086 0.000 966.133 0.718 4.503
30860 -0.000 15.394 0.332 3.637
30870 0.000 0.850 1.707 7.516
30880 0.000 4172.675 0.498 3.778
30890 -0.000 405.914 0.612 3.528
3143 0.000 15.131 0.200 3.440
3144 0.000 314.091 0.754 5.975
3146 -0.000 1083.266 0.815 6.098
3147 0.000 401.977 0.800 6.089
3148 0.000 0.016 0.839 5.940
3536 0.000 24.408 -0.578 3.832
3581 -0.000 22.818 -1.179 5.603
3680 0.000 132.459 -0.364 3.771
3710 0.000 16.186 0.772 18.420
3761 0.000 231.022 0.440 2.271
3786 0.000 294.483 -0.342 2.086
3872 0.000 36.061 0.127 2.539
3882 -0.000 44.038 -0.434 3.731
4100 0.000 15.204 0.243 3.394
4101 0.000 332.962 0.881 6.608
4103 -0.000 1099.600 0.936 6.890
4104 -0.000 414.955 0.922 6.859
4105 0.000 0.016 0.977 6.701
4106 0.000 1.323 0.922 6.859
4119 -0.000 15.312 0.216 3.477
4120 -0.000 319.119 0.723 6.042
4122 -0.000 1083.424 0.805 6.158
4123 0.000 404.091 0.779 6.145
4124 0.000 0.016 0.831 6.004
4125 0.000 1.288 0.780 6.145
4194 0.000 122.152 0.690 4.214
4198 -0.000 26.262 -0.518 3.087
4199 0.000 38.189 0.738 4.759
4200 -0.000 27.882 -0.305 2.595
4283 -0.000 2.678 0.015 3.505
4288 0.000 7827.563 1.310 7.026
4290 -0.000 28237.938 3.588 18.940
46 0.000 55.160 -0.175 4.165
47 -0.000 55.209 -0.173 4.154
48 0.000 130.379 0.665 3.958
49 0.000 77.562 0.970 5.401
50 0.000 39.196 0.038 3.250
51 -0.000 28.178 -0.437 3.309
5386 0.000 211.754 7.176 70.353
6032 0.000 804.248 -1.660 5.533
6033 0.000 346.536 -0.434 4.217
77 -0.000 1.242 0.515 3.868
78 0.000 1.281 0.800 6.089
845 0.000 4.047 1.898 10.277
