1050 0.0554
1070 0.0796
1080 0.0617
1160 0.054
1309 0.0575
1458 0.0431
1528 0.0494
1737 0.0804
20015 0.2919
20016 0.1734
20022 0.0851
20023 0.0594
20127 0.0864
20128 0.099
20150 0.1799
20151 0.2046
20153 0.3739
20154 0.161
20156 0.0546
20157 0.1103
20159 0.1143
20195 0.1138
20240 0.0893
20248 0.0462
20256 0.1559
20257 0.1551
20258 0.1742
21001 0.1763
21002 0.2029
2139 0.0922
2149 0.057
2217 0.0624
23099 0.1638
23100 0.1694
23101 0.244
23102 0.2453
23105 0.2345
23106 0.2141
23107 0.2028
23108 0.2002
23109 0.1871
23110 0.1876
23111 0.1616
23112 0.1585
23113 0.2257
23114 0.2226
23115 0.1674
23116 0.1538
23117 0.2246
23118 0.2241
23119 0.155
23120 0.1617
23121 0.2173
23122 0.2219
23123 0.1607
23124 0.1567
23125 0.2154
23126 0.2143
23127 0.1573
23128 0.1754
23129 0.2504
23130 0.2483
23400 0.118
23401 0.1011
23402 0.1089
23403 0.131
23404 0.1137
23405 0.0962
23406 0.1687
23407 0.155
23408 0.1571
23409 0.1414
23410 0.1501
23411 0.1229
23412 0.1307
23413 0.1069
23414 0.134
23415 0.1084
23416 0.114
23417 0.1113
23418 0.1714
23419 0.1263
23420 0.1234
23421 0.0994
23422 0.1691
23423 0.1282
23424 0.1456
23425 0.1044
23426 0.1553
23427 0.1334
23428 0.1409
23429 0.1159
23430 0.1402
23431 0.171
23432 0.072
23433 0.1749
23434 0.1441
23435 0.1723
23436 0.1228
23437 0.1382
23438 0.1113
23440 0.154
23441 0.1126
23442 0.1435
23443 0.0978
23444 0.1496
23445 0.1307
23446 0.1663
23447 0.1682
23448 0.1257
23449 0.11
23450 0.1115
23451 0.0886
23452 0.1184
23453 0.1198
23454 0.1654
23455 0.0575
23456 0.0995
23457 0.0863
23458 0.1618
23459 0.0973
23460 0.0677
23461 0.1133
23462 0.147
23464 0.0574
23466 0.0478
23467 0.0626
23469 0.1053
23473 0.076
23480 0.1465
23481 0.1431
23482 0.1362
23483 0.1534
23484 0.1605
23485 0.1546
23486 0.1488
23487 0.1324
23488 0.1734
23489 0.1478
23490 0.1549
23491 0.1484
23492 0.1359
23493 0.1549
23494 0.158
23495 0.1515
23496 0.1625
23497 0.1712
23498 0.1456
23499 0.1339
23500 0.1613
23501 0.1555
23502 0.1083
23503 0.141
23504 0.1206
23505 0.0961
23506 0.1186
23507 0.1214
23508 0.1509
23509 0.1614
23510 0.1446
23511 0.1313
23512 0.1046
23513 0.129
23514 0.1194
23515 0.165
23516 0.1085
23517 0.1175
23518 0.1231
23519 0.1076
23520 0.1108
23521 0.1125
23522 0.1701
23523 0.0973
23524 0.1012
23525 0.1041
23526 0.0977
23527 0.1021
23528 0.1073
23529 0.1502
23530 0.1233
23531 0.0969
23532 0.1108
23533 0.1045
23534 0.1172
23535 0.1105
23536 0.1499
23537 0.1065
23538 0.125
23539 0.113
23540 0.1049
23541 0.1115
23542 0.0905
23543 0.1479
23544 0.1117
23545 0.1159
23546 0.112
23547 0.1019
23548 0.1164
23549 0.1012
23550 0.1673
23551 0.1822
23552 0.1714
23553 0.1717
23554 0.166
23555 0.2105
23556 0.1795
23557 0.1277
23558 0.1849
23559 0.1732
23560 0.1741
23561 0.2032
23562 0.1913
23563 0.1778
23564 0.0962
23565 0.1363
23566 0.1307
23567 0.1278
23568 0.1447
23569 0.1522
23570 0.1421
23571 0.1513
23572 0.1284
23573 0.1531
23574 0.1593
23575 0.135
23576 0.1267
23577 0.1199
23578 0.1639
23579 0.0607
23580 0.0674
23581 0.0532
23582 0.0546
23583 0.0594
23584 0.0737
23585 0.1327
23586 0.1397
23587 0.1162
23588 0.1257
23589 0.1497
23590 0.0975
23591 0.1217
23592 0.0804
23593 0.0791
23594 0.1257
23595 0.1735
23596 0.17
23597 0.1464
23598 0.1597
23599 0.1614
23600 0.1365
23601 0.1251
23602 0.1501
23603 0.1374
23604 0.0983
23605 0.1684
23606 0.1804
23607 0.1076
23608 0.1684
23609 0.09
23610 0.1463
23611 0.1054
23612 0.0932
23613 0.168
23614 0.0968
23615 0.0976
23616 0.0963
23617 0.1887
23618 0.1204
23619 0.0714
23620 0.0678
23621 0.0975
23622 0.1679
23623 0.1145
23624 0.1219
23625 0.0552
23626 0.1257
23627 0.1609
23628 0.1561
23629 0.1147
23630 0.0796
23631 0.0784
23632 0.1575
23633 0.1692
23634 0.139
23635 0.1613
23636 0.1515
23637 0.1622
23638 0.1727
23639 0.1483
23640 0.1524
23641 0.1278
23642 0.1883
23643 0.1514
23644 0.0877
23645 0.1083
23646 0.0988
23647 0.1482
23648 0.175
2714 0.1941
2744 0.0884
2754 0.0918
2764 0.0525
2794 0.0375
2824 0.0991
30000 0.1688
30010 0.185
30020 0.1616
30030 0.1425
30040 0.2366
30050 0.2348
30060 0.0519
30070 0.1827
30080 0.2618
30090 0.2126
30100 0.3174
30110 0.2011
30120 0.1791
30130 0.1823
30140 0.1452
30150 0.168
30180 0.1236
30190 0.1607
30200 0.1262
30210 0.1625
30240 0.1750
30250 0.1756
30260 0.1785
30270 0.1834
30280 0.1132
30290 0.1742
30300 0.1748
30530 0.0509
30600 0.1123
30610 0.2194
30620 0.1004
30630 0.1708
30640 0.1887
30650 0.1339
30660 0.1084
30670 0.0903
30680 0.1099
30690 0.1991
30700 0.1821
30710 0.1241
30720 0.205
30730 0.1458
30740 0.0596
30750 0.1798
30760 0.1925
30770 0.1979
30780 0.194
30790 0.0665
30810 0.0871
3083 0.2259
30830 0.1699
3084 0.2594
30840 0.1245
3085 0.2294
30850 0.0757
3086 0.26
30860 0.143
30870 0.1592
30880 0.1936
30890 0.0784
3143 0.2362
3144 0.2209
3146 0.2376
3147 0.2461
3148 0.2474
3536 0.0895
3581 0.1216
3680 0.0162
3710 0.0752
3761 0.088
3786 0.1206
3872 0.0482
3882 0.0494
4100 0.234
4101 0.2046
4103 0.2353
4104 0.2379
4105 0.2213
4106 0.24
4119 0.2313
4120 0.2239
4122 0.2459
4123 0.2376
4124 0.2553
4125 0.2193
4194 0.1216
4198 0.0484
4199 0.0591
4200 0.0492
4283 0.0781
4288 0.0510
4290 0.0634
46 0.1011
47 0.1009
48 0.1425
49 0.1714
50 0.4025
51 0.2109
5386 0.0465
6032 0.0621
6033 0.0633
77 0.2007
78 0.2454
845 0.0564
