1050 3
1070 3
1080 2
1160 2
1309 2
1458 2
1528 3
1737 1
20015 7
20016 3
20022 12
20023 52
20127 5
20128 2
20150 100
20151 100
20153 100
20154 100
20156 100
20157 100
20159 7
20195 6
20240 2
20248 100
20256 100
20257 100
20258 100
21001 100
21002 100
2139 4
2149 3
2217 13
23099 100
23100 100
23101 100
23102 94
23105 100
23106 100
23107 48
23108 47
23109 81
23110 84
23111 100
23112 23
23113 26
23114 24
23115 100
23116 22
23117 25
23118 24
23119 100
23120 6
23121 10
23122 9
23123 100
23124 7
23125 10
23126 10
23127 100
23128 64
23129 74
23130 70
23400 100
23401 100
23402 100
23403 100
23404 100
23405 100
23406 100
23407 100
23408 100
23409 100
23410 100
23411 100
23412 100
23413 100
23414 100
23415 100
23416 100
23417 100
23418 100
23419 100
23420 100
23421 100
23422 100
23423 100
23424 100
23425 100
23426 100
23427 100
23428 100
23429 100
23430 100
23431 100
23432 100
23433 100
23434 100
23435 100
23436 100
23437 100
23438 100
23440 100
23441 100
23442 100
23443 100
23444 100
23445 100
23446 100
23447 100
23448 100
23449 100
23450 100
23451 100
23452 100
23453 100
23454 100
23455 100
23456 100
23457 100
23458 100
23459 100
23460 100
23461 100
23462 100
23464 100
23466 100
23467 100
23469 100
23473 100
23480 100
23481 100
23482 100
23483 100
23484 100
23485 100
23486 100
23487 100
23488 100
23489 100
23490 100
23491 100
23492 100
23493 100
23494 100
23495 100
23496 100
23497 100
23498 100
23499 100
23500 100
23501 100
23502 100
23503 100
23504 100
23505 100
23506 100
23507 100
23508 100
23509 100
23510 100
23511 100
23512 100
23513 100
23514 100
23515 100
23516 100
23517 100
23518 100
23519 100
23520 100
23521 100
23522 100
23523 100
23524 100
23525 100
23526 100
23527 100
23528 100
23529 100
23530 100
23531 100
23532 100
23533 100
23534 100
23535 100
23536 100
23537 100
23538 100
23539 100
23540 100
23541 100
23542 100
23543 100
23544 100
23545 100
23546 100
23547 100
23548 100
23549 100
23550 100
23551 100
23552 100
23553 100
23554 100
23555 100
23556 100
23557 100
23558 100
23559 100
23560 100
23561 100
23562 100
23563 100
23564 100
23565 100
23566 100
23567 100
23568 100
23569 100
23570 100
23571 100
23572 100
23573 100
23574 100
23575 100
23576 100
23577 100
23578 100
23579 100
23580 100
23581 100
23582 100
23583 100
23584 100
23585 100
23586 100
23587 100
23588 100
23589 100
23590 100
23591 100
23592 100
23593 100
23594 100
23595 100
23596 100
23597 100
23598 100
23599 100
23600 100
23601 100
23602 100
23603 100
23604 100
23605 100
23606 100
23607 100
23608 100
23609 100
23610 100
23611 100
23612 100
23613 100
23614 100
23615 100
23616 100
23617 100
23618 100
23619 100
23620 100
23621 100
23622 100
23623 100
23624 100
23625 100
23626 100
23627 100
23628 100
23629 100
23630 100
23631 100
23632 100
23633 100
23634 100
23635 100
23636 100
23637 100
23638 100
23639 100
23640 100
23641 100
23642 100
23643 100
23644 100
23645 100
23646 100
23647 100
23648 100
2714 3
2744 2
2754 7
2764 7
2794 5
2824 100
30000 100
30010 100
30020 95
30030 100
30040 100
30050 100
30060 69
30070 55
30080 100
30090 60
30100 79
30110 38
30120 44
30130 12
30140 96
30150 8
30180 100
30190 100
30200 100
30210 99
30240 100
30250 30
30260 100
30270 100
30280 45
30290 100
30300 11
30530 100
30600 100
30610 100
30620 100
30630 100
30640 100
30650 70
30660 53
30670 100
30680 100
30690 100
30700 100
30710 100
30720 100
30730 100
30740 100
30750 47
30760 100
30770 100
30780 100
30790 100
30810 100
3083 100
30830 100
3084 100
30840 100
3085 100
30850 100
3086 100
30860 100
30870 100
30880 100
30890 100
3143 100
3144 100
3146 100
3147 100
3148 100
3536 6
3581 6
3680 100
3710 100
3761 13
3786 100
3872 100
3882 100
4100 100
4101 100
4103 100
4104 100
4105 100
4106 100
4119 100
4120 100
4122 100
4123 100
4124 100
4125 100
4194 15
4198 6
4199 8
4200 8
4283 100
4288 100
4290 31
46 10
47 10
48 19
49 11
50 15
51 9
5386 100
6032 100
6033 21
77 100
78 100
845 3
